102400 27810508
204800 50138502
307200 72731046
409600 89200773
512000 95164577
614400 86334884
716800 121178773
819200 111511832
921600 151186737
1024000 135880876
1126400 174890287
1228800 177409406
1331200 194342508
1433600 195752178
1536000 220586868
1638400 234088798
1740800 231597929
1843200 245687267
1945600 269138744
2048000 272768040
2150400 286035846
2252800 300723423
2355200 321165288
2457600 336257979
2560000 348462477
2662400 355600048
2764800 370208536
2867200 383855163
2969600 397079341
3072000 410204775
3174400 428749202
3276800 441096312
3379200 447355259
3481600 459389275
3584000 475967556
3686400 494700382
3788800 503642271
3891200 537849963
3993600 543600938
4096000 543890874
4198400 557745292
4300800 570430925
4403200 584826297
4505600 603452732
4608000 612939038
4710400 638126098
4812800 646018291
4915200 648861566
5017600 674438394
5120000 686719786
5222400 693171368
5324800 707958186
5427200 747347868
5529600 740532281
5632000 767666494
5734400 787196750
5836800 789078727
5939200 803386973
6041600 800434360
6144000 834192770
6246400 829472798
6348800 843836742
6451200 917257686
6553600 873700548
6656000 884144709
6758400 895243746
6860800 912824229
6963200 791647
7065600 937670001
7168000 954491585
7270400 964429082
7372800 979494527
7475200 992315779
7577600 13420368
7680000 122032532
7782400 48753685
7884800 48427212
7987200 67922183
8089600 75827107
8192000 88129103
8294400 109349680
8396800 212346945
8499200 254991653
8601600 319911343
8704000 370386571
8806400 314060369
8908800 336363591
9011200 360837043
9113600 371920152
9216000 378705009
9318400 415832769
9420800 435067180
9523200 264915455
9625600 296963732
9728000 497322223
9830400 304921862
9932800 335641099
10035200 344428853
10137600 341489798
10240000 362378113
