102400 37959018
204800 72612986
307200 109201268
409600 144375406
512000 183485950
614400 195979427
716800 121185183
819200 150667765
921600 176326103
1024000 229425862
1126400 396959990
1228800 445237241
1331200 478297317
1433600 528958068
1536000 551600338
1638400 588623778
1740800 616490485
1843200 652228588
1945600 686200457
2048000 725490240
2150400 767449398
2252800 793033427
2355200 828770208
2457600 863060760
2560000 901366784
2662400 935690332
2764800 971529931
2867200 6156661
2969600 44901952
3072000 81394746
3174400 116675877
3276800 150171073
3379200 204664196
3481600 321352712
3584000 900711974
3686400 782275092
3788800 329339633
3891200 369742028
3993600 404527609
4096000 653738581
4198400 476330354
4300800 510207444
4403200 545311178
4505600 914730508
4608000 177968218
4710400 735795775
4812800 870742703
4915200 64608798
5017600 766093397
5120000 554265559
5222400 984414340
5324800 762052920
5427200 5624521
5529600 966806121
5632000 206854553
5734400 272644503
5836800 52330865
5939200 64392315
6041600 119893701
6144000 159992694
6246400 294419375
6348800 268817531
6451200 73504166
6553600 807478092
6656000 347605750
6758400 388890159
6860800 415987679
6963200 449360108
7065600 61544488
7168000 215226918
7270400 228827481
7372800 195850262
7475200 631702970
7577600 683394600
7680000 745698005
7782400 877731720
7884800 815555200
7987200 957957687
8089600 859325501
8192000 881810038
8294400 920806097
8396800 901925418
8499200 857939228
8601600 551913277
8704000 737782888
8806400 659714844
8908800 119121888
9011200 197240560
9113600 202662637
9216000 248036474
9318400 274089185
9420800 606427024
9523200 908706286
9625600 149274104
9728000 120780430
9830400 449905278
9932800 398540550
10035200 585376256
10137600 351417932
10240000 185147547
