102400 14220368
204800 27949598
307200 42171250
409600 57178026
512000 73186205
614400 88575748
716800 140171498
819200 289394108
921600 325072884
1024000 361368704
1126400 396422247
1228800 438783162
1331200 257061520
1433600 197506867
1536000 224491411
1638400 534701317
1740800 611886589
1843200 649237177
1945600 272927305
2048000 303813108
2150400 536796872
2252800 794683744
2355200 864470830
2457600 878801587
2560000 377550166
2662400 607411478
2764800 973316697
2867200 548307393
2969600 440595030
3072000 80043844
3174400 117471810
3276800 526772278
3379200 44027696
3481600 226153950
3584000 524409966
3686400 832699581
3788800 331740506
3891200 289582601
3993600 575475330
4096000 441525911
4198400 933915920
4300800 510957412
4403200 757809388
4505600 606593661
4608000 7240444
4710400 325372967
4812800 695054711
4915200 256872873
5017600 113293690
5120000 742016756
5222400 835991709
5324800 51796442
5427200 907003296
5529600 124276201
5632000 549235188
5734400 14620548
5836800 43065597
5939200 91373328
6041600 878951597
6144000 161796072
6246400 347907271
6348800 126991839
6451200 545675965
6553600 211810961
6656000 746217358
6758400 300210986
6860800 931094815
6963200 457641775
7065600 489673240
7168000 621213632
7270400 249885980
7372800 163075007
7475200 392066105
7577600 329069821
7680000 227829241
7782400 399664054
7884800 767172275
7987200 950961725
8089600 329753916
8192000 702966145
8294400 82847983
8396800 954406840
8499200 978667498
8601600 63655962
8704000 598819760
8806400 857075512
8908800 843142911
9011200 374723735
9113600 902352922
9216000 246997273
9318400 365655445
9420800 785686563
9523200 239246914
9625600 907719031
9728000 886564341
9830400 242492066
9932800 91294791
10035200 687354165
10137600 991093041
10240000 620373247
