102400 77193759
204800 77068998
307200 76074927
409600 78137777
512000 77056474
614400 77733031
716800 78249621
819200 78439574
921600 79687246
1024000 80137580
1126400 79335556
1228800 78905754
1331200 83605436
1433600 81447904
1536000 82100770
1638400 82704555
1740800 84116007
1843200 83202302
1945600 84134687
2048000 85707225
2150400 83676584
2252800 85041236
2355200 85328207
2457600 93629327
2560000 86479840
2662400 85897744
2764800 86901918
2867200 88230091
2969600 88144590
3072000 88592554
3174400 89533607
3276800 89381402
3379200 90401542
3481600 91197146
3584000 92333947
3686400 100079101
3788800 107505714
3891200 92623567
3993600 94438306
4096000 93621279
4198400 94444432
4300800 93805812
4403200 94524748
4505600 95241716
4608000 100192330
4710400 97039265
4812800 96167928
4915200 97317890
5017600 97632740
5120000 98067666
5222400 98926703
5324800 98522012
5427200 108784615
5529600 105378179
5632000 100926639
5734400 101418864
5836800 107650720
5939200 101922673
6041600 103027769
6144000 103432813
6246400 104115437
6348800 104169033
6451200 104001805
6553600 104989012
6656000 105205709
6758400 107569307
6860800 106362295
6963200 108473512
7065600 107810540
7168000 107774323
7270400 107973638
7372800 108470836
7475200 109568891
7577600 109540981
7680000 110772072
7782400 110689009
7884800 110416333
7987200 111184110
8089600 113663045
8192000 112426490
8294400 116959148
8396800 113462296
8499200 113961564
8601600 114327997
8704000 115511742
8806400 115500781
8908800 116192814
9011200 116016243
9113600 116369442
9216000 118711978
9318400 117725535
9420800 119720544
9523200 118340030
9625600 118082093
9728000 118801936
9830400 118304838
9932800 121812597
10035200 123243204
10137600 123437485
10240000 122321991
