102400 19834573
204800 27976693
307200 44655711
409600 63760333
512000 88035887
614400 103400936
716800 122494587
819200 143106133
921600 303220763
1024000 359910825
1126400 398243405
1228800 432584151
1331200 476450909
1433600 511197539
1536000 541741980
1638400 584321172
1740800 630611271
1843200 649117201
1945600 693433549
2048000 707383530
2150400 385921348
2252800 792892648
2355200 840322227
2457600 865235156
2560000 903987989
2662400 937522201
2764800 972723455
2867200 10910366
2969600 546898965
3072000 694430781
3174400 116914071
3276800 704934462
3379200 622364677
3481600 120255511
3584000 260443873
3686400 713274765
3788800 793629354
3891200 809460512
3993600 127256382
4096000 110801769
4198400 777376015
4300800 517103620
4403200 550701129
4505600 45144358
4608000 322449349
4710400 660321767
4812800 625401903
4915200 967313039
5017600 765395292
5120000 378258623
5222400 835666550
5324800 872567387
5427200 316028132
5529600 807080898
5632000 800466931
5734400 331056741
5836800 883820965
5939200 120958524
6041600 126031042
6144000 203463066
6246400 193334700
6348800 248575938
6451200 116371986
6553600 194261055
6656000 341344892
6758400 411995319
6860800 38078278
6963200 727337774
7065600 801677794
7168000 443744306
7270400 489665692
7372800 172997298
7475200 279383037
7577600 674981835
7680000 221955196
7782400 534890870
7884800 305094418
7987200 901059406
8089600 833367024
8192000 424891237
8294400 937233526
8396800 130596017
8499200 202357170
8601600 926612316
8704000 630552495
8806400 960953717
8908800 580266505
9011200 37664560
9113600 289555815
9216000 267602053
9318400 168954655
9420800 252762928
9523200 122138036
9625600 340982780
9728000 597045894
9830400 170669288
9932800 858820195
10035200 525258847
10137600 22154168
10240000 765204419
