102400 76414940
204800 79423669
307200 81574020
409600 86332898
512000 85003734
614400 84755293
716800 84821013
819200 86995818
921600 173977382
1024000 88606561
1126400 89043420
1228800 91189599
1331200 92370778
1433600 95285729
1536000 95551103
1638400 87529710
1740800 44725670
1843200 46702979
1945600 48396711
2048000 101051428
2150400 99524455
2252800 102453131
2355200 105147064
2457600 105007316
2560000 107237333
2662400 59072939
2764800 55201907
2867200 57083770
2969600 60068424
3072000 113176099
3174400 114397975
3276800 120692086
3379200 116072054
3481600 119414382
3584000 119888112
3686400 121350437
3788800 121500123
3891200 60188013
3993600 124307903
4096000 125309226
4198400 126632577
4300800 61850800
4403200 104204638
4505600 138147532
4608000 132551673
4710400 134860371
4812800 133506824
4915200 134894219
5017600 64584522
5120000 69068177
5222400 139713361
5324800 140312671
5427200 140440814
5529600 141340471
5632000 72438304
5734400 75524643
5836800 145066226
5939200 147353858
6041600 147433528
6144000 151438627
6246400 152141223
6348800 152084090
6451200 153585838
6553600 75481585
6656000 80229877
6758400 158285690
6860800 158055730
6963200 160926489
7065600 164360338
7168000 77272068
7270400 165331956
7372800 166983169
7475200 163688725
7577600 169475870
7680000 166647149
7782400 168491307
7884800 180344991
7987200 173151347
8089600 177402380
8192000 172113169
8294400 91185978
8396800 177266736
8499200 186571849
8601600 180203064
8704000 188549842
8806400 182056637
8908800 185632583
9011200 100173004
9113600 186766767
9216000 187869269
9318400 189745748
9420800 198351066
9523200 193045893
9625600 194115426
9728000 194084289
9830400 103361098
9932800 208060765
10035200 197848657
10137600 199049307
10240000 206867709
