102400 92142933
204800 77831853
307200 88846746
409600 80970760
512000 82781952
614400 84964746
716800 85132458
819200 87001764
921600 87534684
1024000 89179194
1126400 88549136
1228800 91879962
1331200 92696024
1433600 93948091
1536000 95622900
1638400 94836097
1740800 97319753
1843200 97934869
1945600 99928657
2048000 101258571
2150400 101486779
2252800 103267022
2355200 106085442
2457600 106052558
2560000 107366918
2662400 108761912
2764800 109672582
2867200 111497992
2969600 111115214
3072000 114616502
3174400 115296435
3276800 114892259
3379200 116706237
3481600 117615922
3584000 119958078
3686400 119325187
3788800 121441658
3891200 122951002
3993600 124059098
4096000 125503821
4198400 126257737
4300800 126706067
4403200 129043497
4505600 129247624
4608000 130732335
4710400 131236607
4812800 134340685
4915200 135919427
5017600 147350483
5120000 136272781
5222400 138558175
5324800 139090174
5427200 141124486
5529600 141599098
5632000 142965716
5734400 145893210
5836800 147179179
5939200 146910762
6041600 148207268
6144000 149941973
6246400 150511233
6348800 77778099
6451200 84001173
6553600 155324273
6656000 154961529
6758400 155184761
6860800 157003091
6963200 167972428
7065600 160407161
7168000 160997415
7270400 162213584
7372800 163351280
7475200 169532301
7577600 181182253
7680000 170551005
7782400 169684880
7884800 167904072
7987200 171516545
8089600 180999310
8192000 173190127
8294400 181963614
8396800 176041059
8499200 182959572
8601600 178328308
8704000 181002063
8806400 189046154
8908800 182605850
9011200 182936804
9113600 193888235
9216000 185555324
9318400 188452645
9420800 195052531
9523200 190323152
9625600 192008713
9728000 192218365
9830400 201091671
9932800 197594459
10035200 209853844
10137600 200951924
10240000 198643067
