102400 47273672
204800 35265944
307200 37373983
409600 38617425
512000 40722755
614400 41456418
716800 42860867
819200 87371487
921600 88146259
1024000 89043665
1126400 90083569
1228800 91456987
1331200 92084351
1433600 93184083
1536000 94573569
1638400 95628384
1740800 97353325
1843200 98252066
1945600 100485334
2048000 100981713
2150400 101586341
2252800 102836234
2355200 104851969
2457600 50432456
2560000 57339809
2662400 59254090
2764800 110212737
2867200 111806897
2969600 113160407
3072000 114438393
3174400 114509796
3276800 115315883
3379200 115702139
3481600 118925001
3584000 119135332
3686400 120185408
3788800 121590314
3891200 123324370
3993600 123413528
4096000 124683218
4198400 125714648
4300800 128718130
4403200 128623086
4505600 71381059
4608000 73752546
4710400 131879486
4812800 132579635
4915200 134973360
5017600 135478529
5120000 136061102
5222400 142891607
5324800 138668782
5427200 142131382
5529600 140270975
5632000 71539215
5734400 110775486
5836800 145710665
5939200 145142723
6041600 147876985
6144000 148718294
6246400 150396075
6348800 152415609
6451200 155142195
6553600 153996414
6656000 156221377
6758400 153826067
6860800 158487264
6963200 158306726
7065600 169605634
7168000 161365127
7270400 162699291
7372800 171153408
7475200 165491285
7577600 168289856
7680000 173464490
7782400 168928925
7884800 170993468
7987200 184999316
8089600 171749123
8192000 182486321
8294400 182327824
8396800 184168158
8499200 179106140
8601600 177731886
8704000 188603660
8806400 179991532
8908800 182179651
9011200 191862459
9113600 184570060
9216000 191429079
9318400 191745622
9420800 191993244
9523200 196613400
9625600 195569493
9728000 201046087
9830400 193223898
9932800 197584673
10035200 199125503
10137600 206559940
10240000 212351230
