102400 75867163
204800 77534295
307200 79084168
409600 87116783
512000 83357749
614400 84280949
716800 84339307
819200 86726114
921600 90665379
1024000 89233917
1126400 89281550
1228800 90888644
1331200 92030156
1433600 94180117
1536000 95223323
1638400 94860590
1740800 97389562
1843200 98295550
1945600 100478916
2048000 106065671
2150400 103295102
2252800 104242821
2355200 105397950
2457600 108268480
2560000 107732032
2662400 109048418
2764800 110132405
2867200 109881585
2969600 52339661
3072000 52613373
3174400 116584087
3276800 116972640
3379200 129732449
3481600 57100634
3584000 59287764
3686400 121227087
3788800 122128347
3891200 124390679
3993600 124796254
4096000 126161147
4198400 60409746
4300800 126838656
4403200 131163078
4505600 130636884
4608000 62873585
4710400 72527522
4812800 82136529
4915200 162072247
5017600 162416961
5120000 164737122
5222400 166363230
5324800 167787365
5427200 167771995
5529600 154051108
5632000 145597797
5734400 176041637
5836800 81999464
5939200 87387310
6041600 178507381
6144000 178399667
6246400 152962019
6348800 119490105
6451200 79457807
6553600 184194443
6656000 168507205
6758400 187522821
6860800 187536331
6963200 186942667
7065600 94576829
7168000 176613339
7270400 193003279
7372800 164104343
7475200 202841435
7577600 198795505
7680000 104687845
7782400 189468980
7884800 201337646
7987200 195626507
8089600 205738970
8192000 213401991
8294400 100127919
8396800 161170529
8499200 204413454
8601600 211542021
8704000 220165913
8806400 215827952
8908800 213660720
9011200 191258052
9113600 220475818
9216000 219897737
9318400 114903624
9420800 207682942
9523200 231460394
9625600 227370881
9728000 226286459
9830400 228456993
9932800 239411569
10035200 111596507
10137600 194808111
10240000 241439404
