102400 98051719
204800 100218577
307200 103032532
409600 103299056
512000 105948064
614400 105974107
716800 109012941
819200 85620588
921600 89204008
1024000 112059205
1126400 112530061
1228800 113785732
1331200 117785088
1433600 116924052
1536000 119323106
1638400 119158363
1740800 97477443
1843200 122963304
1945600 122311442
2048000 109476243
2150400 126401428
2252800 128025523
2355200 112205943
2457600 130244917
2560000 133167650
2662400 118871013
2764800 119483037
2867200 136597308
2969600 63552636
3072000 65205022
3174400 139162723
3276800 125103598
3379200 143174907
3481600 143472908
3584000 129538740
3686400 68714105
3788800 71802477
3891200 73566787
3993600 149265716
4096000 125284578
4198400 152936376
4300800 152840056
4403200 154508376
4505600 140734032
4608000 158005221
4710400 144104691
4812800 160025627
4915200 135619850
5017600 164038164
5120000 165231381
5222400 78351219
5324800 83597775
5427200 167935723
5529600 144308822
5632000 144752457
5734400 147399114
5836800 147202166
5939200 71473404
6041600 74766339
6144000 151468616
6246400 152602159
6348800 153390333
6451200 156238730
6553600 157163972
6656000 157248609
6758400 79793866
6860800 159989428
6963200 161032304
7065600 163172887
7168000 162165089
7270400 82203866
7372800 164140084
7475200 167326636
7577600 166821775
7680000 179428426
7782400 170108573
7884800 91725990
7987200 127187757
8089600 184910342
8192000 174389965
8294400 90396889
8396800 179290019
8499200 178205190
8601600 187147602
8704000 86321129
8806400 192475737
8908800 181992567
9011200 159539057
9113600 97128782
9216000 187368665
9318400 196697675
9420800 192887916
9523200 200410756
9625600 98504465
9728000 195505571
9830400 197553196
9932800 206898027
10035200 200150886
10137600 207654422
10240000 106258676
