102400 1271945
204800 2667023
307200 3817853
409600 5116482
512000 6405370
614400 7723035
716800 8834626
819200 10113266
921600 11510708
1024000 12750651
1126400 13872910
1228800 14956811
1331200 16381475
1433600 17449625
1536000 18994083
1638400 20193143
1740800 21104495
1843200 22774794
1945600 23745744
2048000 24960923
2150400 26586586
2252800 27677550
2355200 28706665
2457600 29949820
2560000 31733727
2662400 32496866
2764800 34025876
2867200 36272695
2969600 36463441
3072000 37685312
3174400 39365106
3276800 39955076
3379200 41751476
3481600 42266930
3584000 43541286
3686400 45515133
3788800 46736861
3891200 47097760
3993600 48484513
4096000 49791427
4198400 51644819
4300800 52793902
4403200 53864134
4505600 54429313
4608000 55731113
4710400 57750026
4812800 59607429
4915200 59902556
5017600 61485333
5120000 62022208
5222400 63762238
5324800 65304307
5427200 65732886
5529600 67080272
5632000 68759809
5734400 72276756
5836800 71001438
5939200 71782843
6041600 75315208
6144000 39900380
6246400 41091694
6348800 46382539
6451200 44504354
6553600 47007894
6656000 40772534
6758400 43831089
6860800 83304583
6963200 84357838
7065600 85885636
7168000 87113795
7270400 89815044
7372800 90490400
7475200 90432217
7577600 93397461
7680000 94891853
7782400 94112158
7884800 95341542
7987200 97235699
8089600 98763242
8192000 103449078
8294400 100682230
8396800 103756605
8499200 103409480
8601600 103931038
8704000 107358120
8806400 106736691
8908800 107632814
9011200 110454224
9113600 111277425
9216000 113321859
9318400 114958481
9420800 115072421
9523200 115133091
9625600 117911242
9728000 117474656
9830400 120587658
9932800 121302470
10035200 121185534
10137600 122364002
10240000 124169560
