102400 629709
204800 1525888
307200 1904768
409600 2601099
512000 3354362
614400 4175801
716800 5858288
819200 6573353
921600 7285578
1024000 7624894
1126400 8346766
1228800 8184550
1331200 8184593
1433600 9202430
1536000 10323421
1638400 10882923
1740800 11850818
1843200 12483717
1945600 13117215
2048000 14245495
2150400 15814665
2252800 15474921
2355200 15890444
2457600 16744551
2560000 17923010
2662400 17838881
2764800 18524461
2867200 24859120
2969600 22950541
3072000 21779805
3174400 22118434
3276800 22628774
3379200 24207407
3481600 22749803
3584000 25298643
3686400 25955335
3788800 27285813
3891200 29984202
3993600 34651704
4096000 30844031
4198400 28765285
4300800 28866201
4403200 54892157
4505600 55737888
4608000 56761087
4710400 58995658
4812800 58525903
4915200 59599678
5017600 60928523
5120000 62680905
5222400 64641304
5324800 64662966
5427200 65747395
5529600 67136571
5632000 74220076
5734400 106965730
5836800 72195964
5939200 72219065
6041600 73554528
6144000 86722334
6246400 76611385
6348800 77828060
6451200 78705557
6553600 80187571
6656000 81066640
6758400 82397953
6860800 84124145
6963200 84819930
7065600 85729184
7168000 86940133
7270400 88925904
7372800 89332013
7475200 90835335
7577600 91556514
7680000 92933146
7782400 94110084
7884800 95315436
7987200 97206764
8089600 97767495
8192000 99416840
8294400 102111982
8396800 103357086
8499200 104342487
8601600 104866566
8704000 108824181
8806400 107202167
8908800 110049304
9011200 112124926
9113600 112369548
9216000 111947821
9318400 115306485
9420800 115624442
9523200 115560862
9625600 118479114
9728000 117534808
9830400 120854123
9932800 130067443
10035200 121492987
10137600 124488584
10240000 124308524
