102400 31524172
204800 53801243
307200 56234881
409600 57665955
512000 67498611
614400 112412023
716800 123888266
819200 137882055
921600 121665145
1024000 132614535
1126400 146160943
1228800 161742834
1331200 174340578
1433600 185648304
1536000 212238248
1638400 230684369
1740800 241593010
1843200 252829982
1945600 252399616
2048000 265285583
2150400 279565046
2252800 290462293
2355200 314835830
2457600 332585982
2560000 345919425
2662400 373957505
2764800 363818606
2867200 371849875
2969600 389312755
3072000 398632865
3174400 410702987
3276800 428996338
3379200 441555242
3481600 453538372
3584000 462516900
3686400 482033067
3788800 494720422
3891200 509042580
3993600 516732231
4096000 530370405
4198400 603285437
4300800 555699360
4403200 571494269
4505600 594822841
4608000 602009287
4710400 621498894
4812800 633256289
4915200 638211728
5017600 651619419
5120000 665898218
5222400 679112201
5324800 696212489
5427200 706986072
5529600 722203893
5632000 870226187
5734400 751081640
5836800 757614419
5939200 836969334
6041600 807185397
6144000 828222699
6246400 827767576
6348800 826982926
6451200 845560352
6553600 854423861
6656000 874684237
6758400 880980752
6860800 896433716
6963200 961767881
7065600 939550121
7168000 936717680
7270400 969622998
7372800 997457519
7475200 1433619
7577600 25352820
7680000 5548340
7782400 25229528
7884800 27908288
7987200 43126867
8089600 56414783
8192000 70111760
8294400 98908129
8396800 133455841
8499200 142679212
8601600 116572136
8704000 148187360
8806400 147417844
8908800 186974153
9011200 176387353
9113600 194203075
9216000 203151442
9318400 215804205
9420800 246751780
9523200 239830504
9625600 257961896
9728000 267579383
9830400 285702941
9932800 296969009
10035200 313493698
10137600 327640397
10240000 339857048
