102400 31979992
204800 51239908
307200 71119092
409600 69083738
512000 103601103
614400 113574290
716800 97684317
819200 139516603
921600 151621843
1024000 162340119
1126400 171156727
1228800 181802221
1331200 173265186
1433600 183395918
1536000 199857775
1638400 212731080
1740800 223637187
1843200 235966534
1945600 253240813
2048000 294790562
2150400 275562588
2252800 289045727
2355200 301348308
2457600 338954496
2560000 352542232
2662400 362871976
2764800 375891854
2867200 390320376
2969600 403771907
3072000 417529106
3174400 431053546
3276800 457774139
3379200 460687493
3481600 446277147
3584000 462574850
3686400 473709051
3788800 545589370
3891200 508300725
3993600 528184666
4096000 527067869
4198400 559199404
4300800 565343136
4403200 572827349
4505600 587120426
4608000 599286055
4710400 617067277
4812800 626128752
4915200 642523025
5017600 643973354
5120000 673374210
5222400 692016636
5324800 685585151
5427200 709261982
5529600 752775002
5632000 725183098
5734400 741143020
5836800 756781824
5939200 812507257
6041600 790056019
6144000 813245735
6246400 826117911
6348800 839894152
6451200 839154329
6553600 892140030
6656000 925515582
6758400 893504851
6860800 899201510
6963200 923044936
7065600 938979450
7168000 981407878
7270400 944901448
7372800 955586113
7475200 30727968
7577600 5965041
7680000 83276899
7782400 32762513
7884800 61334270
7987200 85322901
8089600 78966205
8192000 86094604
8294400 135426760
8396800 150024993
8499200 193584287
8601600 131377050
8704000 140712383
8806400 177132836
8908800 156101681
9011200 181159934
9113600 187320797
9216000 215146198
9318400 210771620
9420800 246667135
9523200 245030736
9625600 387842550
9728000 459337981
9830400 474195090
9932800 504420748
10035200 318240924
10137600 385076568
10240000 361814748
