102400 77834609
204800 76181562
307200 78334966
409600 87718473
512000 59694651
614400 37246525
716800 39776129
819200 39874181
921600 43531905
1024000 43289452
1126400 87012545
1228800 87833810
1331200 88917350
1433600 91647239
1536000 92922926
1638400 91383000
1740800 90973796
1843200 95262322
1945600 95164196
2048000 96919670
2150400 98119827
2252800 100038579
2355200 98916200
2457600 103496043
2560000 101976231
2662400 103803851
2764800 89648459
2867200 55957496
2969600 59278624
3072000 60117536
3174400 108645428
3276800 109368417
3379200 110287649
3481600 111531979
3584000 112311527
3686400 114318222
3788800 114822284
3891200 115529039
3993600 117457956
4096000 117858417
4198400 118734483
4300800 120221890
4403200 65648682
4505600 67971917
4608000 123147410
4710400 126770262
4812800 125201030
4915200 128391521
5017600 130374499
5120000 161404182
5222400 151465271
5324800 128665354
5427200 142287331
5529600 147081565
5632000 162806814
5734400 140843217
5836800 158076054
5939200 68251386
6041600 137710797
6144000 153932683
6246400 159611014
6348800 140806957
6451200 149325069
6553600 79013247
6656000 79278857
6758400 152610206
6860800 150624807
6963200 161500452
7065600 77832043
7168000 110122884
7270400 152978625
7372800 153064205
7475200 153118882
7577600 160148199
7680000 163780483
7782400 158725427
7884800 156621154
7987200 157354080
8089600 166436827
8192000 78682143
8294400 132999778
8396800 188695985
8499200 171643460
8601600 165655948
8704000 182216823
8806400 172025845
8908800 172087056
9011200 177479892
9113600 173774890
9216000 169666841
9318400 179880589
9420800 175488951
9523200 93642162
9625600 175667742
9728000 185589571
9830400 178334770
9932800 178756345
10035200 91880618
10137600 183902962
10240000 183547082
