102400 70960450
204800 76290647
307200 77703640
409600 82683016
512000 79480359
614400 80408945
716800 52834089
819200 38966473
921600 41347147
1024000 43098854
1126400 44104324
1228800 87819898
1331200 89310223
1433600 90237007
1536000 89788342
1638400 91846669
1740800 95558610
1843200 93774417
1945600 95842132
2048000 96042593
2150400 98937344
2252800 98524451
2355200 101341676
2457600 100519765
2560000 102486289
2662400 111371926
2764800 104497682
2867200 105621648
2969600 105516816
3072000 105973575
3174400 107464505
3276800 108536942
3379200 110440691
3481600 108748475
3584000 110843174
3686400 113650270
3788800 114385416
3891200 115627274
3993600 117175920
4096000 118572455
4198400 118866620
4300800 123413524
4403200 121135250
4505600 64941700
4608000 123589533
4710400 124582774
4812800 126483491
4915200 124724435
5017600 132027167
5120000 132243889
5222400 128820529
5324800 134407952
5427200 131037321
5529600 130927652
5632000 134012704
5734400 135166072
5836800 137421732
5939200 136245154
6041600 136664749
6144000 137278038
6246400 138867121
6348800 140166121
6451200 141880797
6553600 141634673
6656000 143101938
6758400 143987627
6860800 145257967
6963200 146942479
7065600 147313542
7168000 150941079
7270400 148908071
7372800 150098651
7475200 159050679
7577600 154187279
7680000 152231894
7782400 161757751
7884800 157293542
7987200 158482852
8089600 157471534
8192000 160801609
8294400 169290906
8396800 162943627
8499200 170383275
8601600 164306830
8704000 172211997
8806400 168096079
8908800 168284468
9011200 175809746
9113600 171143309
9216000 173968950
9318400 180519365
9420800 172994113
9523200 174318386
9625600 183886558
9728000 178638809
9830400 176883160
9932800 176555274
10035200 183631293
10137600 182139507
10240000 183489030
