100000 96095684
200000 46241501
300000 54799013
400000 64677198
500000 70214256
600000 70145388
700000 76111528
800000 77812344
900000 83440992
1e+06 95175459
1.1e+06 89450879
1.2e+06 94603481
1.3e+06 99625810
1.4e+06 105404018
1.5e+06 104285878
1.6e+06 123465306
1.7e+06 118546497
1.8e+06 113628282
1.9e+06 112374444
2e+06 132595849
2.1e+06 124466676
2.2e+06 121796681
2.3e+06 151937642
2.4e+06 166069745
2.5e+06 172720224
2.6e+06 168513098
2.7e+06 186738488
2.8e+06 205671188
2.9e+06 192444240
3e+06 219998255
3.1e+06 166152129
3.2e+06 120955585
3.3e+06 157661020
3.4e+06 226639115
3.5e+06 231431642
3.6e+06 247199178
3.7e+06 241139015
3.8e+06 246004778
3.9e+06 237245027
4e+06 256503369
4.1e+06 269112227
4.2e+06 138791749
4.3e+06 185651194
4.4e+06 282820800
4.5e+06 279862809
4.6e+06 282002960
4.7e+06 288471377
4.8e+06 313588089
4.9e+06 168086934
5e+06 308293376
5.1e+06 301013094
5.2e+06 323142631
5.3e+06 283864972
5.4e+06 330086626
5.5e+06 182144302
5.6e+06 361256861
5.7e+06 339942415
5.8e+06 197954134
5.9e+06 369865816
6e+06 398853149
6.1e+06 361776459
6.2e+06 345970136
6.3e+06 334302423
6.4e+06 421903427
6.5e+06 426483416
6.6e+06 410744450
6.7e+06 231673551
6.8e+06 454520210
6.9e+06 445269741
7e+06 236099561
7.1e+06 424862216
7.2e+06 480698058
7.3e+06 478422937
7.4e+06 486972441
7.5e+06 501222598
7.6e+06 457124981
7.7e+06 524087904
7.8e+06 468693325
7.9e+06 487208971
8e+06 572527637
8.1e+06 516093901
8.2e+06 524225314
8.3e+06 545933552
8.4e+06 596181779
8.5e+06 528578138
8.6e+06 604292522
8.7e+06 719618416
8.8e+06 609563914
8.9e+06 563236114
9e+06 731501404
9.1e+06 633157573
9.2e+06 842527221
9.3e+06 608350780
9.4e+06 828025359
9.5e+06 948666055
9.6e+06 852563468
1.01e+07 170683145
1.02e+07 193234807
1.03e+07 207110119
1.04e+07 233665896
1.05e+07 259418299
1.06e+07 277739511
1.07e+07 292740050
1.08e+07 165478033
1.09e+07 345793037
1.1e+07 370336609
1.11e+07 364414896
1.12e+07 398397736
100000 69882443
200000 52160244
300000 53488501
400000 103236750
500000 103459917
600000 104070044
700000 105038911
800000 109354771
900000 109570314
1000000 108397519
1100000 108478017
1200000 113668208
1300000 185979056
1400000 113485664
1500000 113270380
1600000 117839397
1700000 115716042
1800000 105176684
1900000 117197574
2000000 116826904
2100000 119498528
2200000 120576758
2300000 120006866
2400000 127736816
2500000 121272834
2600000 117933314
2700000 123003882
2800000 131823852
2900000 125475237
3000000 115783085
3100000 131208846
3200000 138137834
3300000 131635484
3400000 131673288
3500000 132050364
3600000 142260411
3700000 134231581
3800000 135589503
3900000 137083062
4000000 146267991
4100000 149104609
4200000 168356753
4300000 138559875
4400000 163179347
4500000 149150810
4600000 144021223
4700000 141669283
4800000 141720549
4900000 144588152
5000000 146637370
5100000 146486066
5200000 146226487
5300000 74613293
5400000 80164577
5500000 152819596
5600000 168242553
5700000 157066386
5800000 155369250
5900000 154400992
6000000 134323258
6100000 85021177
6200000 157765009
6300000 229792584
6400000 179874328
6500000 163540016
6600000 161980592
6700000 83213699
6800000 85756865
6900000 164775921
7000000 139527450
7100000 168798268
7200000 199676090
7300000 171738657
7400000 172896926
7500000 141504009
7600000 193274427
7700000 78199899
7800000 180269042
7900000 178258446
8000000 200374745
8100000 180947307
8200000 145260844
8300000 89903352
8400000 205808466
8500000 163733181
8600000 167873347
8700000 163199130
8800000 136445352
8900000 166005613
9000000 166992620
9100000 167078809
9200000 168893673
9300000 77634388
9400000 119529282
9500000 171452306
9600000 172252805
9700000 175900005
9800000 167805918
9900000 174872388
10000000 181410737
