100000 76806673
200000 77925516
300000 79509838
400000 80272902
500000 81537558
600000 82867461
700000 82537907
800000 83397475
900000 84326380
1000000 85490935
1100000 86199392
1200000 87766151
1300000 91032025
1400000 90356839
1500000 90856985
1600000 92463240
1700000 93061056
1800000 94243617
1900000 95163314
2000000 96248213
2100000 98347000
2200000 98552024
2300000 99673612
2400000 102358575
2500000 102609398
2600000 102757505
2700000 103982678
2800000 102848805
2900000 106089529
3000000 106553157
3100000 108140308
3200000 109019121
3300000 58125145
3400000 60239654
3500000 113294257
3600000 113598478
3700000 114371293
3800000 115239030
3900000 116395451
4000000 117387324
4000000 119253449
4100000 118567778
4200000 61366173
4300000 60899127
4400000 123649411
4500000 123525969
4600000 125808679
4700000 124943873
4800000 128316772
4900000 126800332
5000000 62087204
5100000 66180275
5200000 130348690
5300000 131023182
5400000 132576695
5500000 133109615
5600000 134722998
5700000 84324940
5800000 130783161
5900000 141509449
6000000 164910321
6100000 156925798
6200000 148581374
6300000 160164192
6400000 152039522
6500000 148940229
6600000 162794214
6700000 157579641
6800000 169061964
6900000 170328522
7000000 166812701
7100000 167509389
7200000 182179309
7300000 194548320
7400000 192708873
7500000 170258588
7600000 176756560
7700000 204179212
7800000 183472362
7900000 212587102
8000000 192664032
8100000 187033211
8200000 215118197
8300000 218399281
8400000 189525157
8500000 235340572
8600000 225289181
8700000 207148467
8800000 212507352
8900000 205750087
9000000 194287087
9100000 185584717
9200000 195122716
9300000 208397915
9400000 225546174
9500000 200070153
9600000 203730858
9700000 226622332
9800000 207642530
9900000 215050759
10000000 223249854
10100000 207331720
10200000 207201070
10300000 203946614
10400000 252599881
10500000 194489493
10600000 195396705
10700000 197963516
10800000 200067416
