102400 73791070
204800 50507335
307200 47108125
409600 43658353
512000 52787964
614400 66304751
716800 69850951
819200 53341006
921600 68890284
1024000 53331695
1126400 68581874
1228800 67940843
1331200 64025012
1433600 69597921
1536000 72979704
1638400 71862113
1740800 72502927
1843200 73611817
1945600 74594300
2048000 75838366
2150400 76369045
2252800 74296824
2355200 75732727
2457600 54782610
2560000 57700855
2662400 61050228
2764800 64736326
2867200 63085337
2969600 74203562
3072000 67130710
3174400 78510973
3276800 80749908
3379200 80522210
3481600 67435039
3584000 77758341
3686400 90339367
3788800 82540283
3891200 69491426
3993600 47235016
4096000 79554079
4198400 55020226
4300800 78807533
4403200 80826916
4505600 75061670
4608000 84099747
4710400 69658945
4812800 50012249
4915200 63583341
5017600 50873741
5120000 85293650
5222400 86525448
5324800 68195977
5427200 84333799
5529600 88601099
5632000 88558902
5734400 72295201
5836800 89886479
5939200 76375092
6041600 87080326
6144000 88823138
6246400 84763244
6348800 88769174
6451200 71724405
6553600 58175263
6656000 87464419
6758400 72858181
6860800 72140438
6963200 89188702
7065600 89301496
7168000 92772340
7270400 93626394
7372800 92363261
7475200 93914971
7577600 92788866
7680000 92360087
7782400 90349885
7884800 75162611
7987200 59958936
8089600 83161157
8192000 77783031
8294400 61158944
8396800 76122581
8499200 74605343
8601600 92859739
8704000 98114027
8806400 98645389
8908800 77703389
9011200 62517402
9113600 88677557
9216000 77172843
9318400 63286953
9420800 87410200
9523200 95815063
9625600 101877762
9728000 89018166
9830400 104925006
9932800 102577434
10035200 102898769
10137600 109309629
10240000 105361188
