102400 82718282
204800 76050978
307200 77493463
409600 78822840
512000 86429220
614400 81354203
716800 80635436
819200 81310890
921600 82633263
1024000 83260790
1126400 83767457
1228800 85064736
1331200 84876058
1433600 86303630
1536000 87405105
1638400 87155285
1740800 88857256
1843200 88371675
1945600 89529382
2048000 90366305
2150400 93544180
2252800 91265284
2355200 92195321
2457600 92460537
2560000 93506831
2662400 93507863
2764800 94763996
2867200 95501523
2969600 95939867
3072000 97342023
3174400 96190547
3276800 98368103
3379200 99291224
3481600 99347672
3584000 100824558
3686400 100646993
3788800 101695359
3891200 102329842
3993600 102583144
4096000 103814679
4198400 107401906
4300800 108602578
4403200 105548330
4505600 106074792
4608000 107209921
4710400 108409477
4812800 108711631
4915200 108959209
5017600 110200209
5120000 109563156
5222400 111210535
5324800 118882165
5427200 112241905
5529600 112402657
5632000 114084075
5734400 115217935
5836800 114656305
5939200 116438344
6041600 116119738
6144000 116881025
6246400 117579494
6348800 117921811
6451200 118739822
6553600 120018533
6656000 120387140
6758400 121474129
6860800 122198782
6963200 122280041
7065600 121793608
7168000 123529574
7270400 124561589
7372800 124239839
7475200 126120770
7577600 126632278
7680000 127082954
7782400 128284580
7884800 127283797
7987200 128621021
8089600 129468225
8192000 129694351
8294400 132160952
8396800 131063766
8499200 132044432
8601600 133322937
8704000 133436601
8806400 134720320
8908800 136032959
9011200 135511722
9113600 136913482
9216000 137283405
9318400 137387364
9420800 139151339
9523200 138952752
9625600 140237469
9728000 140488031
9830400 141386620
9932800 142968571
10035200 143396274
10137600 143458131
10240000 143221350
