102400 68627846
204800 49225866
307200 62948190
409600 66869901
512000 66828165
614400 53974527
716800 49655616
819200 62048377
921600 60684406
1024000 66593103
1126400 68005074
1228800 52522493
1331200 55177128
1433600 71123414
1536000 53847078
1638400 71182057
1740800 74151466
1843200 74604844
1945600 74152622
2048000 54308925
2150400 70963076
2252800 76363882
2355200 47669523
2457600 56552144
2560000 67851964
2662400 63326887
2764800 77798989
2867200 76301747
2969600 78902643
3072000 79786793
3174400 79073743
3276800 74223813
3379200 77658473
3481600 80309539
3584000 66645338
3686400 79398931
3788800 71281989
3891200 79568992
3993600 80405073
4096000 83709159
4198400 84562411
4300800 82334235
4403200 82812200
4505600 85252829
4608000 73972174
4710400 90084882
4812800 81379036
4915200 83417689
5017600 66568520
5120000 51247554
5222400 77362117
5324800 87673425
5427200 85092820
5529600 70028657
5632000 52661126
5734400 77074939
5836800 87809644
5939200 88735576
6041600 89086700
6144000 87971988
6246400 90708593
6348800 71843223
6451200 88465837
6553600 90316800
6656000 90776148
6758400 72473861
6860800 71050660
6963200 87468757
7065600 75361508
7168000 93119454
7270400 78246291
7372800 89345243
7475200 94104335
7577600 70168930
7680000 91352364
7782400 93063885
7884800 89116423
7987200 95181595
8089600 97567833
8192000 93300871
8294400 98857591
8396800 96443232
8499200 94790524
8601600 100321306
8704000 109205895
8806400 97927172
8908800 89456930
9011200 99596562
9113600 93108280
9216000 99737337
9318400 99580226
9420800 98387731
9523200 101699018
9625600 98698864
9728000 98538044
9830400 102832214
9932800 103617780
10035200 80118821
10137600 66325116
10240000 79170307
