102400 98509505
204800 104663429
307200 98518207
409600 99028295
512000 102313922
614400 101176676
716800 99602576
819200 109442684
921600 85833934
1024000 101879919
1126400 102434667
1228800 102905644
1331200 102551997
1433600 104358908
1536000 110176075
1638400 89033102
1740800 103976597
1843200 105745197
1945600 84641927
2048000 107197737
2150400 104848177
2252800 108005429
2355200 107742721
2457600 108285028
2560000 109734602
2662400 108826387
2764800 98337768
2867200 111058326
2969600 111419038
3072000 112075574
3174400 95758555
3276800 112092158
3379200 66471181
3481600 57192572
3584000 60228883
3686400 60749871
3788800 61776897
3891200 117207293
3993600 116782390
4096000 117341586
4198400 118171060
4300800 117318225
4403200 104653177
4505600 119322176
4608000 119649096
4710400 120682543
4812800 96896916
4915200 122710316
5017600 121804083
5120000 128954352
5222400 123224657
5324800 119121834
5427200 123456544
5529600 122765964
5632000 101019276
5734400 101894326
5836800 100779274
5939200 126286099
6041600 127189515
6144000 127832452
6246400 129095442
6348800 112317020
6451200 128727593
6553600 129427781
6656000 130950982
6758400 131388507
6860800 114422812
6963200 131405051
7065600 132742368
7168000 133486427
7270400 118001855
7372800 132813320
7475200 134182516
7577600 136595680
7680000 135798953
7782400 136612192
7884800 136054291
7987200 137553107
8089600 137673629
8192000 138366400
8294400 139403495
8396800 123444799
8499200 123947088
8601600 141137599
8704000 141650283
8806400 126489179
8908800 143073597
9011200 142494682
9113600 144571976
9216000 128393041
9318400 145168821
9420800 146152357
9523200 145683601
9625600 146388299
9728000 146812459
9830400 147593929
9932800 149401694
10035200 132272636
10137600 148561682
10240000 149868244
