102400 96945227
204800 96291636
307200 97443573
409600 98455616
512000 99007637
614400 98321646
716800 100496686
819200 103399959
921600 101107229
1024000 101294405
1126400 103185018
1228800 102494688
1331200 102521589
1433600 103686775
1536000 103941969
1638400 103038411
1740800 105700526
1843200 105995119
1945600 105515491
2048000 106881535
2150400 106986310
2252800 106585533
2355200 107016328
2457600 108667074
2560000 109397353
2662400 108864172
2764800 89572893
2867200 87695150
2969600 88514962
3072000 88671276
3174400 88995474
3276800 89448029
3379200 90042404
3481600 91299335
3584000 88450188
3686400 91021029
3788800 92179626
3891200 99480641
3993600 93268542
4096000 94034019
4198400 95113433
4300800 94220122
4403200 95821065
4505600 95397192
4608000 95694995
4710400 98426395
4812800 96158657
4915200 98208333
5017600 97307316
5120000 98332870
5222400 100574886
5324800 98897903
5427200 99327178
5529600 100306346
5632000 101346769
5734400 107071196
5836800 101052240
5939200 102247160
6041600 102551590
6144000 103225354
6246400 103927319
6348800 103331661
6451200 104964687
6553600 104991268
6656000 105416519
6758400 106668049
6860800 105767979
6963200 107119209
7065600 106780544
7168000 107641625
7270400 108357887
7372800 108667956
7475200 110880046
7577600 109706206
7680000 110058244
7782400 110787495
7884800 110987799
7987200 111189365
8089600 114010398
8192000 112514851
8294400 120308143
8396800 113877539
8499200 114149699
8601600 113854575
8704000 118746879
8806400 115419747
8908800 116828024
9011200 116806611
9113600 117063493
9216000 119331593
9318400 118687631
9420800 120569707
9523200 120978514
9625600 120246212
9728000 121186006
9830400 120781575
9932800 122979055
10035200 132082353
10137600 122615295
10240000 123072564
