102400 791727
204800 1605386
307200 2423047
409600 3403904
512000 4801645
614400 5475055
716800 6277386
819200 7103504
921600 7927515
1024000 8396874
1126400 9296749
1228800 10385185
1331200 11712548
1433600 12538450
1536000 14106958
1638400 13203863
1740800 14451229
1843200 17010344
1945600 16904503
2048000 17096346
2150400 18249780
2252800 18147097
2355200 21023541
2457600 20077105
2560000 21077440
2662400 21652078
2764800 21092239
2867200 23819869
2969600 24692237
3072000 28234545
3174400 24776892
3276800 29061476
3379200 41247705
3481600 43158244
3584000 43567894
3686400 45864029
3788800 59850975
3891200 47317172
3993600 48511025
4096000 49942118
4198400 51535290
4300800 52751484
4403200 53235431
4505600 54732117
4608000 55981446
4710400 57242675
4812800 58095381
4915200 61552057
5017600 61316981
5120000 61808054
5222400 63461343
5324800 65668704
5427200 66651138
5529600 68205185
5632000 68923936
5734400 69895644
5836800 70556300
5939200 72719756
6041600 73740465
6144000 74620736
6246400 76922102
6348800 77266846
6451200 78377434
6553600 80843849
6656000 80901110
6758400 83341347
6860800 82826701
6963200 84510807
7065600 85306083
7168000 87109350
7270400 87762122
7372800 89139719
7475200 90397015
7577600 91907346
7680000 93219425
7782400 95393674
7884800 97504814
7987200 97422187
8089600 98373872
8192000 99771178
8294400 101755781
8396800 101829892
8499200 103601239
8601600 105500885
8704000 105733163
8806400 106249109
8908800 109568202
9011200 110271188
9113600 112902225
9216000 112401410
9318400 114465072
9420800 114601648
9523200 115656027
9625600 117513645
9728000 119165110
9830400 120961919
9932800 123916189
10035200 122936908
10137600 122562441
10240000 125441679
