102400 78935762
204800 77519668
307200 78249806
409600 87548766
512000 81364480
614400 81713877
716800 83662644
819200 83687315
921600 84784386
1024000 86291950
1126400 88870140
1228800 87706341
1331200 88898001
1433600 89816337
1536000 91070313
1638400 95765613
1740800 93075981
1843200 95119622
1945600 94862336
2048000 94613698
2150400 97857775
2252800 98891522
2355200 101179442
2457600 100199473
2560000 50153565
2662400 53422724
2764800 67741704
2867200 104984693
2969600 106535420
3072000 106725255
3174400 107683785
3276800 55307511
3379200 110201307
3481600 111318374
3584000 112043953
3686400 113716073
3788800 114064683
3891200 115621397
3993600 116980639
4096000 58899220
4198400 62779616
4300800 120225665
4403200 120263964
4505600 63579369
4608000 65391426
4710400 123894216
4812800 124736667
4915200 126630588
5017600 127178797
5120000 128441475
5222400 129453650
5324800 129832655
5427200 131177977
5529600 132120651
5632000 133164356
5734400 134813057
5836800 136463531
5939200 66229721
6041600 70656284
6144000 140388964
6246400 141104566
6348800 140736370
6451200 141816760
6553600 76474079
6656000 76474052
6758400 145739283
6860800 146611864
6963200 147613745
7065600 148745022
7168000 149311182
7270400 152393842
7372800 79727038
7475200 152272563
7577600 155775930
7680000 156427753
7782400 158035867
7884800 158553233
7987200 158496145
8089600 166609753
8192000 160689847
8294400 162110336
8396800 88803239
8499200 172123831
8601600 164476427
8704000 173813328
8806400 166867366
8908800 175609223
9011200 170699284
9113600 170974146
9216000 93309116
9318400 174454105
9420800 174127228
9523200 181822544
9625600 91140146
9728000 185769806
9830400 180650170
9932800 181093411
10035200 184656377
10137600 180779966
10240000 184155663
